# Wind speeds
 0.00 1.94 3.89 5.83 7.78 9.72 11.66 13.61 15.55 17.49 19.44 21.38 23.33 25.27 27.21 29.16 31.10 33.05 34.99 36.93 38.88 40.82 42.76 44.71 46.65 48.60 50.54 52.48 54.43 56.37 58.32 60.26 62.20 64.15 66.09 68.03 69.98 71.92 73.87 75.81
# Wind angles
 0.00 1.00 2.00 3.00 4.00 5.00 6.00 7.00 8.00 9.00 10.00 11.00 12.00 13.00 14.00 15.00 16.00 17.00 18.00 19.00 20.00 21.00 22.00 23.00 24.00 25.00 26.00 27.00 28.00 29.00 30.00 31.00 32.00 33.00 34.00 35.00 36.00 37.00 38.00 39.00 40.00 41.00 42.00 43.00 44.00 45.00 46.00 47.00 48.00 49.00 50.00 51.00 52.00 53.00 54.00 55.00 56.00 57.00 58.00 59.00 60.00 61.00 62.00 63.00 64.00 65.00 66.00 67.00 68.00 69.00 70.00 71.00 72.00 73.00 74.00 75.00 76.00 77.00 78.00 79.00 80.00 81.00 82.00 83.00 84.00 85.00 86.00 87.00 88.00 89.00 90.00 91.00 92.00 93.00 94.00 95.00 96.00 97.00 98.00 99.00 100.00 101.00 102.00 103.00 104.00 105.00 106.00 107.00 108.00 109.00 110.00 111.00 112.00 113.00 114.00 115.00 116.00 117.00 118.00 119.00 120.00 121.00 122.00 123.00 124.00 125.00 126.00 127.00 128.00 129.00 130.00 131.00 132.00 133.00 134.00 135.00 136.00 137.00 138.00 139.00 140.00 141.00 142.00 143.00 144.00 145.00 146.00 147.00 148.00 149.00 150.00 151.00 152.00 153.00 154.00 155.00 156.00 157.00 158.00 159.00 160.00 161.00 162.00 163.00 164.00 165.00 166.00 167.00 168.00 169.00 170.00 171.00 172.00 173.00 174.00 175.00 176.00 177.00 178.00 179.00 180.00
# Boat speeds
 0.00 0.00 0.00 0.00 0.00 0.00 0.00 0.00 0.00 0.00 0.00 0.00 0.00 0.00 0.00 0.00 0.00 0.00 0.00 0.00 0.00 0.00 0.00 0.00 0.00 0.00 0.00 0.00 0.00 0.00 0.00 0.00 0.00 0.00 0.00 0.00 0.00 0.00 0.00 0.00
 0.00 0.04 0.08 0.12 0.17 0.20 0.21 0.24 0.26 0.26 0.26 0.26 0.26 0.26 0.25 0.24 0.22 0.22 0.20 0.18 0.18 0.18 0.18 0.18 0.18 0.18 0.18 0.18 0.18 0.18 0.18 0.18 0.18 0.18 0.18 0.18 0.18 0.18 0.18 0.18
 0.00 0.09 0.16 0.23 0.33 0.39 0.43 0.48 0.51 0.51 0.51 0.52 0.52 0.52 0.50 0.47 0.45 0.43 0.40 0.37 0.36 0.36 0.35 0.35 0.35 0.35 0.35 0.35 0.35 0.35 0.35 0.35 0.35 0.35 0.35 0.35 0.35 0.35 0.35 0.35
 0.00 0.13 0.24 0.35 0.50 0.59 0.64 0.72 0.77 0.77 0.77 0.78 0.78 0.79 0.75 0.71 0.67 0.65 0.59 0.55 0.55 0.54 0.53 0.53 0.53 0.53 0.53 0.53 0.53 0.53 0.53 0.53 0.53 0.53 0.53 0.53 0.53 0.53 0.53 0.53
 0.00 0.18 0.32 0.47 0.66 0.78 0.85 0.96 1.02 1.02 1.02 1.03 1.04 1.05 0.99 0.94 0.90 0.87 0.79 0.74 0.73 0.72 0.70 0.70 0.70 0.70 0.70 0.70 0.70 0.70 0.70 0.70 0.70 0.70 0.70 0.70 0.70 0.70 0.70 0.70
 0.00 0.22 0.40 0.59 0.83 0.98 1.07 1.20 1.28 1.28 1.28 1.29 1.29 1.31 1.24 1.18 1.12 1.08 0.99 0.93 0.91 0.90 0.88 0.88 0.88 0.88 0.88 0.88 0.88 0.88 0.88 0.88 0.88 0.88 0.88 0.88 0.88 0.88 0.88 0.88
 0.00 0.26 0.48 0.70 0.99 1.17 1.28 1.44 1.53 1.53 1.53 1.55 1.55 1.57 1.49 1.42 1.35 1.30 1.19 1.11 1.10 1.08 1.06 1.06 1.06 1.06 1.06 1.06 1.06 1.06 1.06 1.06 1.06 1.06 1.06 1.06 1.06 1.06 1.06 1.06
 0.00 0.31 0.56 0.82 1.16 1.37 1.49 1.68 1.79 1.79 1.79 1.81 1.81 1.83 1.74 1.65 1.57 1.52 1.39 1.30 1.28 1.26 1.24 1.24 1.24 1.24 1.24 1.24 1.24 1.24 1.24 1.24 1.24 1.24 1.24 1.24 1.24 1.24 1.24 1.24
 0.00 0.35 0.64 0.94 1.32 1.57 1.71 1.92 2.04 2.04 2.04 2.07 2.07 2.09 1.99 1.89 1.80 1.74 1.59 1.49 1.47 1.44 1.42 1.42 1.42 1.42 1.42 1.42 1.42 1.42 1.42 1.42 1.42 1.42 1.42 1.42 1.42 1.42 1.42 1.42
 0.00 0.40 0.72 1.06 1.49 1.76 1.92 2.16 2.29 2.29 2.29 2.32 2.32 2.35 2.23 2.13 2.02 1.96 1.80 1.68 1.66 1.63 1.60 1.60 1.60 1.60 1.60 1.60 1.60 1.60 1.60 1.60 1.60 1.60 1.60 1.60 1.60 1.60 1.60 1.60
 0.00 0.44 0.80 1.18 1.65 1.96 2.13 2.40 2.55 2.54 2.55 2.58 2.58 2.61 2.48 2.36 2.25 2.18 2.00 1.88 1.85 1.81 1.78 1.78 1.78 1.78 1.78 1.78 1.78 1.78 1.78 1.78 1.78 1.78 1.78 1.78 1.78 1.78 1.78 1.78
 0.00 0.49 0.88 1.30 1.82 2.15 2.35 2.63 2.80 2.80 2.80 2.84 2.84 2.87 2.73 2.60 2.48 2.40 2.21 2.07 2.04 2.00 1.97 1.97 1.97 1.97 1.97 1.97 1.97 1.97 1.97 1.97 1.97 1.97 1.97 1.97 1.97 1.97 1.97 1.97
 0.00 0.53 0.97 1.42 1.99 2.35 2.56 2.87 3.05 3.05 3.05 3.09 3.09 3.13 2.98 2.84 2.71 2.62 2.42 2.27 2.23 2.19 2.15 2.15 2.15 2.15 2.15 2.15 2.15 2.15 2.15 2.15 2.15 2.15 2.15 2.15 2.15 2.15 2.15 2.15
 0.00 0.58 1.05 1.54 2.15 2.55 2.77 3.10 3.30 3.30 3.30 3.35 3.35 3.39 3.23 3.07 2.93 2.84 2.62 2.47 2.43 2.38 2.34 2.34 2.34 2.34 2.34 2.34 2.34 2.34 2.34 2.34 2.34 2.34 2.34 2.34 2.34 2.34 2.34 2.34
 0.00 0.62 1.13 1.66 2.32 2.74 2.99 3.33 3.54 3.55 3.56 3.60 3.60 3.64 3.47 3.31 3.16 3.06 2.83 2.67 2.63 2.58 2.53 2.53 2.53 2.53 2.53 2.53 2.53 2.53 2.53 2.53 2.53 2.53 2.53 2.53 2.53 2.53 2.53 2.53
 0.00 0.67 1.21 1.78 2.49 2.94 3.20 3.56 3.79 3.80 3.81 3.86 3.86 3.90 3.72 3.55 3.39 3.28 3.05 2.88 2.83 2.77 2.72 2.72 2.72 2.72 2.72 2.72 2.72 2.72 2.72 2.72 2.72 2.72 2.72 2.72 2.72 2.72 2.72 2.72
 0.00 0.71 1.29 1.91 2.66 3.13 3.41 3.80 4.03 4.05 4.06 4.11 4.11 4.15 3.97 3.79 3.62 3.51 3.26 3.08 3.03 2.97 2.92 2.92 2.92 2.92 2.92 2.92 2.92 2.92 2.92 2.92 2.92 2.92 2.92 2.92 2.92 2.92 2.92 2.92
 0.00 0.76 1.38 2.03 2.82 3.33 3.62 4.02 4.28 4.29 4.31 4.36 4.36 4.41 4.22 4.02 3.85 3.73 3.48 3.29 3.24 3.17 3.11 3.11 3.11 3.11 3.11 3.11 3.11 3.11 3.11 3.11 3.11 3.11 3.11 3.11 3.11 3.11 3.11 3.11
 0.00 0.81 1.46 2.15 2.99 3.53 3.83 4.25 4.52 4.54 4.55 4.61 4.61 4.66 4.47 4.26 4.08 3.96 3.70 3.51 3.45 3.37 3.31 3.31 3.31 3.31 3.31 3.31 3.31 3.31 3.31 3.31 3.31 3.31 3.31 3.31 3.31 3.31 3.31 3.31
 0.00 0.85 1.54 2.28 3.16 3.72 4.05 4.48 4.76 4.78 4.80 4.86 4.86 4.91 4.71 4.50 4.31 4.19 3.92 3.72 3.66 3.58 3.52 3.52 3.52 3.52 3.52 3.52 3.52 3.52 3.52 3.52 3.52 3.52 3.52 3.52 3.52 3.52 3.52 3.52
 0.00 0.90 1.63 2.41 3.33 3.92 4.26 4.70 4.99 5.03 5.05 5.11 5.11 5.16 4.96 4.74 4.54 4.42 4.15 3.95 3.88 3.79 3.72 3.72 3.72 3.72 3.72 3.72 3.72 3.72 3.72 3.72 3.72 3.72 3.72 3.72 3.72 3.72 3.72 3.72
 0.00 0.95 1.71 2.53 3.50 4.11 4.47 4.92 5.23 5.27 5.29 5.36 5.36 5.41 5.21 4.98 4.78 4.65 4.37 4.17 4.10 4.01 3.93 3.93 3.93 3.93 3.93 3.93 3.93 3.93 3.93 3.93 3.93 3.93 3.93 3.93 3.93 3.93 3.93 3.93
 0.00 1.00 1.80 2.66 3.67 4.31 4.68 5.14 5.46 5.51 5.54 5.61 5.61 5.66 5.45 5.22 5.01 4.88 4.60 4.40 4.33 4.22 4.14 4.14 4.14 4.14 4.14 4.14 4.14 4.14 4.14 4.14 4.14 4.14 4.14 4.14 4.14 4.14 4.14 4.14
 0.00 1.05 1.88 2.79 3.84 4.51 4.89 5.36 5.70 5.75 5.78 5.85 5.86 5.91 5.70 5.45 5.25 5.11 4.84 4.63 4.55 4.44 4.36 4.36 4.36 4.36 4.36 4.36 4.36 4.36 4.36 4.36 4.36 4.36 4.36 4.36 4.36 4.36 4.36 4.36
 0.00 1.09 1.97 2.93 4.01 4.70 5.10 5.58 5.92 5.99 6.03 6.10 6.10 6.15 5.95 5.69 5.48 5.34 5.08 4.87 4.79 4.67 4.58 4.58 4.58 4.58 4.58 4.58 4.58 4.58 4.58 4.58 4.58 4.58 4.58 4.58 4.58 4.58 4.58 4.58
 0.00 1.14 2.06 3.06 4.18 4.90 5.31 5.79 6.15 6.23 6.27 6.34 6.35 6.39 6.19 5.93 5.72 5.58 5.32 5.11 5.02 4.90 4.80 4.80 4.80 4.80 4.80 4.80 4.80 4.80 4.80 4.80 4.80 4.80 4.80 4.80 4.80 4.80 4.80 4.80
 0.00 1.19 2.14 3.19 4.35 5.10 5.52 6.00 6.38 6.46 6.51 6.59 6.59 6.64 6.44 6.17 5.96 5.82 5.56 5.36 5.26 5.13 5.03 5.03 5.03 5.03 5.03 5.03 5.03 5.03 5.03 5.03 5.03 5.03 5.03 5.03 5.03 5.03 5.03 5.03
 0.00 1.24 2.23 3.33 4.52 5.29 5.73 6.21 6.60 6.70 6.75 6.83 6.83 6.88 6.69 6.41 6.20 6.06 5.81 5.61 5.51 5.37 5.26 5.26 5.26 5.26 5.26 5.26 5.26 5.26 5.26 5.26 5.26 5.26 5.26 5.26 5.26 5.26 5.26 5.26
 0.00 1.29 2.32 3.46 4.70 5.49 5.94 6.42 6.82 6.93 6.99 7.07 7.07 7.11 6.93 6.65 6.44 6.30 6.06 5.87 5.76 5.61 5.50 5.50 5.50 5.50 5.50 5.50 5.50 5.50 5.50 5.50 5.50 5.50 5.50 5.50 5.50 5.50 5.50 5.50
 0.00 1.35 2.41 3.60 4.87 5.69 6.15 6.62 7.03 7.16 7.22 7.31 7.31 7.35 7.18 6.90 6.68 6.54 6.32 6.13 6.02 5.85 5.74 5.74 5.74 5.74 5.74 5.74 5.74 5.74 5.74 5.74 5.74 5.74 5.74 5.74 5.74 5.74 5.74 5.74
 0.00 1.40 2.50 3.74 5.04 5.88 6.36 6.82 7.25 7.39 7.46 7.55 7.55 7.58 7.42 7.14 6.92 6.79 6.57 6.40 6.28 6.11 5.98 5.98 5.98 5.98 5.98 5.98 5.98 5.98 5.98 5.98 5.98 5.98 5.98 5.98 5.98 5.98 5.98 5.98
 0.00 1.45 2.59 3.88 5.22 6.08 6.57 7.02 7.46 7.62 7.69 7.78 7.79 7.82 7.67 7.38 7.16 7.03 6.84 6.67 6.55 6.36 6.23 6.23 6.23 6.23 6.23 6.23 6.23 6.23 6.23 6.23 6.23 6.23 6.23 6.23 6.23 6.23 6.23 6.23
 0.00 1.50 2.68 4.02 5.39 6.27 6.78 7.22 7.67 7.84 7.92 8.02 8.02 8.05 7.92 7.62 7.41 7.28 7.11 6.95 6.82 6.62 6.48 6.48 6.48 6.48 6.48 6.48 6.48 6.48 6.48 6.48 6.48 6.48 6.48 6.48 6.48 6.48 6.48 6.48
 0.00 1.56 2.78 4.17 5.56 6.47 6.99 7.43 7.88 8.07 8.16 8.25 8.26 8.28 8.16 7.87 7.66 7.54 7.38 7.23 7.10 6.89 6.74 6.74 6.74 6.74 6.74 6.74 6.74 6.74 6.74 6.74 6.74 6.74 6.74 6.74 6.74 6.74 6.74 6.74
 0.00 1.61 2.87 4.31 5.73 6.66 7.21 7.64 8.09 8.30 8.39 8.49 8.50 8.52 8.41 8.12 7.92 7.80 7.66 7.52 7.38 7.16 7.01 7.01 7.01 7.01 7.01 7.01 7.01 7.01 7.01 7.01 7.01 7.01 7.01 7.01 7.01 7.01 7.01 7.01
 0.00 1.66 2.98 4.45 5.90 6.85 7.42 7.86 8.31 8.53 8.63 8.72 8.74 8.75 8.66 8.38 8.18 8.07 7.94 7.81 7.67 7.44 7.28 7.28 7.28 7.28 7.28 7.28 7.28 7.28 7.28 7.28 7.28 7.28 7.28 7.28 7.28 7.28 7.28 7.28
 0.00 1.72 3.09 4.60 6.06 7.04 7.64 8.09 8.53 8.76 8.86 8.96 8.97 8.99 8.91 8.64 8.45 8.34 8.22 8.11 7.97 7.73 7.56 7.56 7.56 7.56 7.56 7.56 7.56 7.56 7.56 7.56 7.56 7.56 7.56 7.56 7.56 7.56 7.56 7.56
 0.00 1.77 3.20 4.74 6.21 7.23 7.86 8.32 8.75 9.00 9.10 9.20 9.22 9.23 9.16 8.91 8.72 8.62 8.51 8.40 8.27 8.02 7.84 7.84 7.84 7.84 7.84 7.84 7.84 7.84 7.84 7.84 7.84 7.84 7.84 7.84 7.84 7.84 7.84 7.84
 0.00 1.82 3.31 4.88 6.36 7.41 8.08 8.56 8.98 9.23 9.33 9.43 9.46 9.47 9.41 9.18 9.00 8.91 8.80 8.69 8.56 8.32 8.13 8.13 8.13 8.13 8.13 8.13 8.13 8.13 8.13 8.13 8.13 8.13 8.13 8.13 8.13 8.13 8.13 8.13
 0.00 1.88 3.42 5.01 6.52 7.59 8.30 8.79 9.20 9.45 9.57 9.67 9.70 9.71 9.66 9.45 9.28 9.20 9.09 8.98 8.86 8.61 8.42 8.42 8.42 8.42 8.42 8.42 8.42 8.42 8.42 8.42 8.42 8.42 8.42 8.42 8.42 8.42 8.42 8.42
 0.00 1.94 3.53 5.14 6.67 7.76 8.50 9.01 9.41 9.67 9.79 9.91 9.93 9.95 9.90 9.72 9.56 9.48 9.37 9.26 9.14 8.90 8.72 8.72 8.72 8.72 8.72 8.72 8.72 8.72 8.72 8.72 8.72 8.72 8.72 8.72 8.72 8.72 8.72 8.72
 0.00 1.99 3.64 5.27 6.82 7.94 8.70 9.21 9.61 9.88 10.02 10.15 10.17 10.19 10.14 9.99 9.84 9.76 9.65 9.54 9.41 9.19 9.02 9.02 9.02 9.02 9.02 9.02 9.02 9.02 9.02 9.02 9.02 9.02 9.02 9.02 9.02 9.02 9.02 9.02
 0.00 2.05 3.74 5.39 6.97 8.11 8.88 9.40 9.80 10.07 10.24 10.38 10.40 10.42 10.38 10.25 10.11 10.03 9.92 9.80 9.68 9.47 9.32 9.32 9.32 9.32 9.32 9.32 9.32 9.32 9.32 9.32 9.32 9.32 9.32 9.32 9.32 9.32 9.32 9.32
 0.00 2.11 3.84 5.50 7.12 8.28 9.06 9.58 9.98 10.26 10.45 10.62 10.64 10.66 10.62 10.52 10.38 10.30 10.19 10.07 9.94 9.75 9.62 9.62 9.62 9.62 9.62 9.62 9.62 9.62 9.62 9.62 9.62 9.62 9.62 9.62 9.62 9.62 9.62 9.62
 0.00 2.17 3.94 5.62 7.26 8.44 9.23 9.76 10.16 10.46 10.67 10.85 10.87 10.89 10.86 10.78 10.65 10.57 10.46 10.32 10.19 10.03 9.92 9.92 9.92 9.92 9.92 9.92 9.92 9.92 9.92 9.92 9.92 9.92 9.92 9.92 9.92 9.92 9.92 9.92
 0.00 2.22 4.04 5.72 7.41 8.60 9.40 9.93 10.35 10.65 10.90 11.09 11.11 11.13 11.10 11.05 10.91 10.84 10.72 10.58 10.44 10.30 10.21 10.21 10.21 10.21 10.21 10.21 10.21 10.21 10.21 10.21 10.21 10.21 10.21 10.21 10.21 10.21 10.21 10.21
 0.00 2.28 4.14 5.83 7.54 8.75 9.56 10.10 10.53 10.85 11.13 11.33 11.35 11.38 11.35 11.32 11.18 11.11 10.99 10.84 10.69 10.56 10.49 10.49 10.49 10.49 10.49 10.49 10.49 10.49 10.49 10.49 10.49 10.49 10.49 10.49 10.49 10.49 10.49 10.49
 0.00 2.34 4.25 5.93 7.68 8.90 9.72 10.27 10.72 11.05 11.36 11.57 11.60 11.62 11.60 11.58 11.44 11.38 11.26 11.10 10.94 10.83 10.77 10.77 10.77 10.77 10.77 10.77 10.77 10.77 10.77 10.77 10.77 10.77 10.77 10.77 10.77 10.77 10.77 10.77
 0.00 2.39 4.35 6.03 7.81 9.05 9.87 10.44 10.90 11.26 11.59 11.81 11.84 11.87 11.86 11.85 11.71 11.65 11.53 11.37 11.20 11.10 11.05 11.05 11.05 11.05 11.05 11.05 11.05 11.05 11.05 11.05 11.05 11.05 11.05 11.05 11.05 11.05 11.05 11.05
 0.00 2.45 4.45 6.13 7.93 9.20 10.02 10.60 11.09 11.45 11.81 12.04 12.09 12.13 12.12 12.12 11.98 11.92 11.81 11.63 11.47 11.36 11.32 11.32 11.32 11.32 11.32 11.32 11.32 11.32 11.32 11.32 11.32 11.32 11.32 11.32 11.32 11.32 11.32 11.32
 0.00 2.51 4.55 6.23 8.05 9.34 10.17 10.76 11.26 11.64 12.02 12.27 12.33 12.38 12.38 12.38 12.25 12.20 12.08 11.90 11.74 11.64 11.60 11.60 11.60 11.60 11.60 11.60 11.60 11.60 11.60 11.60 11.60 11.60 11.60 11.60 11.60 11.60 11.60 11.60
 0.00 2.56 4.64 6.32 8.17 9.48 10.31 10.91 11.43 11.82 12.22 12.48 12.57 12.64 12.64 12.65 12.54 12.48 12.35 12.17 12.02 11.92 11.88 11.88 11.88 11.88 11.88 11.88 11.88 11.88 11.88 11.88 11.88 11.88 11.88 11.88 11.88 11.88 11.88 11.88
 0.00 2.62 4.73 6.40 8.28 9.62 10.45 11.05 11.59 11.98 12.40 12.69 12.81 12.89 12.90 12.90 12.82 12.76 12.62 12.45 12.30 12.20 12.16 12.16 12.16 12.16 12.16 12.16 12.16 12.16 12.16 12.16 12.16 12.16 12.16 12.16 12.16 12.16 12.16 12.16
 0.00 2.68 4.81 6.49 8.38 9.75 10.58 11.19 11.75 12.14 12.57 12.89 13.04 13.14 13.15 13.16 13.11 13.05 12.89 12.72 12.59 12.49 12.44 12.44 12.44 12.44 12.44 12.44 12.44 12.44 12.44 12.44 12.44 12.44 12.44 12.44 12.44 12.44 12.44 12.44
 0.00 2.73 4.88 6.57 8.48 9.87 10.71 11.33 11.90 12.29 12.73 13.09 13.26 13.38 13.40 13.40 13.38 13.32 13.16 12.99 12.87 12.77 12.72 12.72 12.72 12.72 12.72 12.72 12.72 12.72 12.72 12.72 12.72 12.72 12.72 12.72 12.72 12.72 12.72 12.72
 0.00 2.79 4.95 6.65 8.57 9.98 10.83 11.47 12.05 12.44 12.89 13.28 13.48 13.61 13.64 13.65 13.65 13.59 13.42 13.25 13.15 13.05 12.99 12.99 12.99 12.99 12.99 12.99 12.99 12.99 12.99 12.99 12.99 12.99 12.99 12.99 12.99 12.99 12.99 12.99
 0.00 2.84 5.01 6.73 8.66 10.08 10.95 11.60 12.20 12.59 13.06 13.47 13.69 13.83 13.86 13.89 13.90 13.84 13.67 13.51 13.41 13.32 13.26 13.26 13.26 13.26 13.26 13.26 13.26 13.26 13.26 13.26 13.26 13.26 13.26 13.26 13.26 13.26 13.26 13.26
 0.00 2.89 5.05 6.81 8.73 10.16 11.06 11.74 12.34 12.74 13.22 13.65 13.89 14.03 14.08 14.12 14.13 14.09 13.92 13.76 13.67 13.58 13.52 13.52 13.52 13.52 13.52 13.52 13.52 13.52 13.52 13.52 13.52 13.52 13.52 13.52 13.52 13.52 13.52 13.52
 0.00 2.93 5.09 6.88 8.81 10.24 11.17 11.88 12.48 12.88 13.38 13.84 14.09 14.22 14.28 14.35 14.36 14.32 14.16 14.01 13.92 13.84 13.78 13.78 13.78 13.78 13.78 13.78 13.78 13.78 13.78 13.78 13.78 13.78 13.78 13.78 13.78 13.78 13.78 13.78
 0.00 2.97 5.13 6.95 8.87 10.32 11.27 12.01 12.62 13.03 13.53 14.01 14.28 14.41 14.49 14.57 14.59 14.56 14.40 14.26 14.17 14.09 14.04 14.04 14.04 14.04 14.04 14.04 14.04 14.04 14.04 14.04 14.04 14.04 14.04 14.04 14.04 14.04 14.04 14.04
 0.00 3.01 5.16 7.02 8.93 10.39 11.38 12.14 12.76 13.19 13.69 14.18 14.46 14.60 14.69 14.79 14.81 14.79 14.64 14.50 14.42 14.34 14.29 14.29 14.29 14.29 14.29 14.29 14.29 14.29 14.29 14.29 14.29 14.29 14.29 14.29 14.29 14.29 14.29 14.29
 0.00 3.04 5.18 7.08 8.99 10.47 11.48 12.26 12.89 13.34 13.84 14.34 14.64 14.79 14.88 15.01 15.03 15.02 14.88 14.75 14.68 14.60 14.54 14.54 14.54 14.54 14.54 14.54 14.54 14.54 14.54 14.54 14.54 14.54 14.54 14.54 14.54 14.54 14.54 14.54
 0.00 3.07 5.19 7.13 9.05 10.54 11.59 12.37 13.02 13.50 13.99 14.49 14.81 14.99 15.08 15.22 15.26 15.25 15.13 15.00 14.93 14.85 14.80 14.80 14.80 14.80 14.80 14.80 14.80 14.80 14.80 14.80 14.80 14.80 14.80 14.80 14.80 14.80 14.80 14.80
 0.00 3.10 5.20 7.18 9.10 10.61 11.69 12.48 13.15 13.66 14.14 14.64 14.98 15.18 15.28 15.43 15.49 15.49 15.37 15.25 15.19 15.11 15.06 15.06 15.06 15.06 15.06 15.06 15.06 15.06 15.06 15.06 15.06 15.06 15.06 15.06 15.06 15.06 15.06 15.06
 0.00 3.11 5.20 7.22 9.15 10.67 11.78 12.58 13.27 13.81 14.28 14.77 15.15 15.37 15.47 15.64 15.72 15.73 15.61 15.50 15.45 15.37 15.32 15.32 15.32 15.32 15.32 15.32 15.32 15.32 15.32 15.32 15.32 15.32 15.32 15.32 15.32 15.32 15.32 15.32
 0.00 3.13 5.19 7.26 9.20 10.72 11.87 12.68 13.39 13.96 14.42 14.91 15.31 15.55 15.67 15.85 15.96 15.97 15.85 15.75 15.70 15.63 15.58 15.58 15.58 15.58 15.58 15.58 15.58 15.58 15.58 15.58 15.58 15.58 15.58 15.58 15.58 15.58 15.58 15.58
 0.00 3.13 5.17 7.29 9.25 10.77 11.94 12.78 13.50 14.10 14.56 15.04 15.48 15.72 15.85 16.06 16.20 16.21 16.10 16.00 15.96 15.90 15.85 15.85 15.85 15.85 15.85 15.85 15.85 15.85 15.85 15.85 15.85 15.85 15.85 15.85 15.85 15.85 15.85 15.85
 0.00 3.13 5.15 7.32 9.30 10.81 12.02 12.88 13.61 14.23 14.69 15.17 15.65 15.89 16.04 16.27 16.44 16.46 16.35 16.25 16.22 16.16 16.11 16.11 16.11 16.11 16.11 16.11 16.11 16.11 16.11 16.11 16.11 16.11 16.11 16.11 16.11 16.11 16.11 16.11
 0.00 3.14 5.12 7.35 9.34 10.84 12.08 12.97 13.71 14.35 14.82 15.30 15.81 16.05 16.22 16.47 16.68 16.70 16.59 16.50 16.47 16.42 16.38 16.38 16.38 16.38 16.38 16.38 16.38 16.38 16.38 16.38 16.38 16.38 16.38 16.38 16.38 16.38 16.38 16.38
 0.00 3.14 5.10 7.37 9.38 10.87 12.15 13.06 13.82 14.48 14.95 15.43 15.97 16.21 16.40 16.68 16.90 16.95 16.84 16.75 16.73 16.68 16.64 16.64 16.64 16.64 16.64 16.64 16.64 16.64 16.64 16.64 16.64 16.64 16.64 16.64 16.64 16.64 16.64 16.64
 0.00 3.15 5.07 7.39 9.40 10.90 12.22 13.16 13.93 14.60 15.08 15.57 16.12 16.37 16.59 16.88 17.12 17.18 17.08 17.00 16.98 16.94 16.90 16.90 16.90 16.90 16.90 16.90 16.90 16.90 16.90 16.90 16.90 16.90 16.90 16.90 16.90 16.90 16.90 16.90
 0.00 3.16 5.06 7.41 9.41 10.94 12.29 13.25 14.04 14.73 15.22 15.71 16.27 16.53 16.77 17.08 17.32 17.40 17.33 17.25 17.23 17.19 17.15 17.15 17.15 17.15 17.15 17.15 17.15 17.15 17.15 17.15 17.15 17.15 17.15 17.15 17.15 17.15 17.15 17.15
 0.00 3.18 5.05 7.42 9.41 10.98 12.36 13.35 14.15 14.86 15.35 15.85 16.42 16.70 16.96 17.27 17.51 17.62 17.57 17.51 17.49 17.43 17.39 17.39 17.39 17.39 17.39 17.39 17.39 17.39 17.39 17.39 17.39 17.39 17.39 17.39 17.39 17.39 17.39 17.39
 0.00 3.21 5.05 7.43 9.41 11.02 12.43 13.44 14.26 14.99 15.49 16.00 16.56 16.88 17.15 17.47 17.70 17.84 17.81 17.76 17.74 17.68 17.63 17.63 17.63 17.63 17.63 17.63 17.63 17.63 17.63 17.63 17.63 17.63 17.63 17.63 17.63 17.63 17.63 17.63
 0.00 3.23 5.06 7.44 9.41 11.06 12.49 13.52 14.38 15.12 15.63 16.14 16.70 17.05 17.34 17.66 17.89 18.06 18.05 18.01 17.98 17.93 17.88 17.88 17.88 17.88 17.88 17.88 17.88 17.88 17.88 17.88 17.88 17.88 17.88 17.88 17.88 17.88 17.88 17.88
 0.00 3.26 5.08 7.44 9.41 11.10 12.56 13.60 14.48 15.25 15.78 16.29 16.84 17.23 17.54 17.86 18.09 18.28 18.29 18.25 18.23 18.18 18.13 18.13 18.13 18.13 18.13 18.13 18.13 18.13 18.13 18.13 18.13 18.13 18.13 18.13 18.13 18.13 18.13 18.13
 0.00 3.28 5.11 7.43 9.43 11.14 12.61 13.67 14.58 15.38 15.92 16.44 16.98 17.40 17.74 18.05 18.31 18.51 18.52 18.48 18.48 18.43 18.39 18.39 18.39 18.39 18.39 18.39 18.39 18.39 18.39 18.39 18.39 18.39 18.39 18.39 18.39 18.39 18.39 18.39
 0.00 3.31 5.14 7.43 9.45 11.17 12.66 13.74 14.68 15.51 16.06 16.59 17.12 17.58 17.95 18.25 18.54 18.75 18.75 18.71 18.72 18.69 18.66 18.66 18.66 18.66 18.66 18.66 18.66 18.66 18.66 18.66 18.66 18.66 18.66 18.66 18.66 18.66 18.66 18.66
 0.00 3.33 5.18 7.42 9.48 11.21 12.71 13.80 14.76 15.63 16.20 16.73 17.27 17.76 18.16 18.45 18.77 18.99 18.98 18.95 18.97 18.96 18.93 18.93 18.93 18.93 18.93 18.93 18.93 18.93 18.93 18.93 18.93 18.93 18.93 18.93 18.93 18.93 18.93 18.93
 0.00 3.34 5.23 7.42 9.51 11.26 12.76 13.86 14.84 15.74 16.33 16.87 17.42 17.93 18.36 18.65 19.00 19.23 19.21 19.18 19.22 19.22 19.21 19.21 19.21 19.21 19.21 19.21 19.21 19.21 19.21 19.21 19.21 19.21 19.21 19.21 19.21 19.21 19.21 19.21
 0.00 3.36 5.27 7.42 9.56 11.31 12.81 13.91 14.90 15.84 16.45 17.01 17.56 18.11 18.57 18.85 19.23 19.46 19.45 19.42 19.47 19.48 19.48 19.48 19.48 19.48 19.48 19.48 19.48 19.48 19.48 19.48 19.48 19.48 19.48 19.48 19.48 19.48 19.48 19.48
 0.00 3.38 5.32 7.44 9.60 11.38 12.86 13.96 14.96 15.92 16.56 17.13 17.71 18.29 18.77 19.05 19.45 19.69 19.69 19.67 19.72 19.75 19.75 19.75 19.75 19.75 19.75 19.75 19.75 19.75 19.75 19.75 19.75 19.75 19.75 19.75 19.75 19.75 19.75 19.75
 0.00 3.39 5.36 7.47 9.65 11.45 12.92 14.01 15.00 16.00 16.65 17.25 17.86 18.47 18.97 19.25 19.66 19.91 19.93 19.92 19.98 20.01 20.01 20.01 20.01 20.01 20.01 20.01 20.01 20.01 20.01 20.01 20.01 20.01 20.01 20.01 20.01 20.01 20.01 20.01
 0.00 3.40 5.40 7.51 9.71 11.53 12.98 14.06 15.05 16.07 16.74 17.37 18.01 18.64 19.17 19.45 19.86 20.13 20.17 20.18 20.23 20.26 20.27 20.27 20.27 20.27 20.27 20.27 20.27 20.27 20.27 20.27 20.27 20.27 20.27 20.27 20.27 20.27 20.27 20.27
 0.00 3.41 5.44 7.56 9.78 11.62 13.05 14.12 15.09 16.13 16.82 17.48 18.15 18.81 19.36 19.64 20.06 20.35 20.42 20.43 20.49 20.51 20.52 20.52 20.52 20.52 20.52 20.52 20.52 20.52 20.52 20.52 20.52 20.52 20.52 20.52 20.52 20.52 20.52 20.52
 0.00 3.42 5.48 7.62 9.85 11.72 13.13 14.20 15.15 16.20 16.90 17.59 18.28 18.98 19.54 19.84 20.26 20.57 20.66 20.69 20.74 20.76 20.77 20.77 20.77 20.77 20.77 20.77 20.77 20.77 20.77 20.77 20.77 20.77 20.77 20.77 20.77 20.77 20.77 20.77
 0.00 3.43 5.51 7.67 9.94 11.81 13.22 14.28 15.22 16.26 16.98 17.70 18.40 19.14 19.72 20.03 20.46 20.78 20.90 20.94 20.98 21.01 21.02 21.02 21.02 21.02 21.02 21.02 21.02 21.02 21.02 21.02 21.02 21.02 21.02 21.02 21.02 21.02 21.02 21.02
 0.00 3.43 5.55 7.74 10.04 11.91 13.32 14.39 15.30 16.33 17.07 17.81 18.52 19.29 19.89 20.22 20.66 21.00 21.13 21.18 21.22 21.25 21.27 21.27 21.27 21.27 21.27 21.27 21.27 21.27 21.27 21.27 21.27 21.27 21.27 21.27 21.27 21.27 21.27 21.27
 0.00 3.44 5.58 7.80 10.15 12.02 13.42 14.50 15.40 16.42 17.16 17.92 18.63 19.44 20.06 20.41 20.87 21.21 21.36 21.42 21.45 21.49 21.51 21.51 21.51 21.51 21.51 21.51 21.51 21.51 21.51 21.51 21.51 21.51 21.51 21.51 21.51 21.51 21.51 21.51
 0.00 3.44 5.61 7.87 10.26 12.12 13.53 14.62 15.51 16.52 17.27 18.05 18.75 19.60 20.22 20.59 21.07 21.43 21.59 21.65 21.69 21.73 21.76 21.76 21.76 21.76 21.76 21.76 21.76 21.76 21.76 21.76 21.76 21.76 21.76 21.76 21.76 21.76 21.76 21.76
 0.00 3.44 5.64 7.93 10.37 12.23 13.63 14.75 15.64 16.63 17.39 18.19 18.89 19.75 20.39 20.77 21.27 21.65 21.82 21.89 21.93 21.98 22.01 22.01 22.01 22.01 22.01 22.01 22.01 22.01 22.01 22.01 22.01 22.01 22.01 22.01 22.01 22.01 22.01 22.01
 0.00 3.44 5.66 7.99 10.47 12.33 13.73 14.89 15.79 16.77 17.54 18.34 19.04 19.90 20.55 20.94 21.48 21.87 22.05 22.11 22.17 22.22 22.26 22.26 22.26 22.26 22.26 22.26 22.26 22.26 22.26 22.26 22.26 22.26 22.26 22.26 22.26 22.26 22.26 22.26
 0.00 3.44 5.69 8.05 10.57 12.43 13.83 15.02 15.94 16.93 17.69 18.51 19.21 20.06 20.72 21.11 21.68 22.09 22.27 22.34 22.41 22.47 22.51 22.51 22.51 22.51 22.51 22.51 22.51 22.51 22.51 22.51 22.51 22.51 22.51 22.51 22.51 22.51 22.51 22.51
 0.00 3.44 5.71 8.11 10.66 12.52 13.92 15.15 16.10 17.10 17.86 18.69 19.39 20.23 20.89 21.28 21.88 22.30 22.49 22.57 22.65 22.73 22.77 22.77 22.77 22.77 22.77 22.77 22.77 22.77 22.77 22.77 22.77 22.77 22.77 22.77 22.77 22.77 22.77 22.77
 0.00 3.44 5.72 8.17 10.73 12.60 14.00 15.27 16.25 17.27 18.04 18.88 19.59 20.41 21.06 21.46 22.09 22.52 22.71 22.80 22.90 22.98 23.02 23.02 23.02 23.02 23.02 23.02 23.02 23.02 23.02 23.02 23.02 23.02 23.02 23.02 23.02 23.02 23.02 23.02
 0.00 3.44 5.74 8.22 10.80 12.67 14.08 15.38 16.39 17.44 18.22 19.09 19.80 20.60 21.24 21.65 22.30 22.74 22.93 23.03 23.14 23.23 23.28 23.28 23.28 23.28 23.28 23.28 23.28 23.28 23.28 23.28 23.28 23.28 23.28 23.28 23.28 23.28 23.28 23.28
 0.00 3.43 5.75 8.27 10.85 12.72 14.15 15.48 16.51 17.60 18.40 19.30 20.01 20.80 21.42 21.86 22.51 22.95 23.16 23.27 23.39 23.49 23.54 23.54 23.54 23.54 23.54 23.54 23.54 23.54 23.54 23.54 23.54 23.54 23.54 23.54 23.54 23.54 23.54 23.54
 0.00 3.43 5.77 8.32 10.89 12.76 14.21 15.57 16.62 17.76 18.58 19.52 20.23 21.01 21.61 22.07 22.72 23.17 23.39 23.51 23.64 23.74 23.80 23.80 23.80 23.80 23.80 23.80 23.80 23.80 23.80 23.80 23.80 23.80 23.80 23.80 23.80 23.80 23.80 23.80
 0.00 3.42 5.78 8.37 10.91 12.79 14.27 15.65 16.72 17.90 18.75 19.74 20.46 21.23 21.81 22.29 22.93 23.38 23.62 23.76 23.89 24.00 24.06 24.06 24.06 24.06 24.06 24.06 24.06 24.06 24.06 24.06 24.06 24.06 24.06 24.06 24.06 24.06 24.06 24.06
 0.00 3.41 5.79 8.41 10.93 12.81 14.32 15.73 16.82 18.03 18.92 19.95 20.68 21.44 22.00 22.51 23.15 23.60 23.86 24.02 24.14 24.26 24.33 24.33 24.33 24.33 24.33 24.33 24.33 24.33 24.33 24.33 24.33 24.33 24.33 24.33 24.33 24.33 24.33 24.33
 0.00 3.40 5.79 8.45 10.95 12.83 14.38 15.80 16.91 18.14 19.08 20.16 20.91 21.65 22.20 22.73 23.36 23.83 24.12 24.29 24.41 24.53 24.60 24.60 24.60 24.60 24.60 24.60 24.60 24.60 24.60 24.60 24.60 24.60 24.60 24.60 24.60 24.60 24.60 24.60
 0.00 3.39 5.80 8.48 10.95 12.84 14.43 15.86 17.01 18.25 19.23 20.35 21.13 21.85 22.40 22.94 23.58 24.07 24.39 24.57 24.69 24.80 24.87 24.87 24.87 24.87 24.87 24.87 24.87 24.87 24.87 24.87 24.87 24.87 24.87 24.87 24.87 24.87 24.87 24.87
 0.00 3.37 5.80 8.51 10.96 12.86 14.49 15.92 17.11 18.34 19.38 20.53 21.35 22.05 22.60 23.15 23.80 24.31 24.66 24.86 24.98 25.09 25.15 25.15 25.15 25.15 25.15 25.15 25.15 25.15 25.15 25.15 25.15 25.15 25.15 25.15 25.15 25.15 25.15 25.15
 0.00 3.35 5.80 8.53 10.96 12.88 14.54 15.98 17.20 18.43 19.52 20.70 21.56 22.23 22.80 23.35 24.02 24.55 24.94 25.14 25.26 25.37 25.43 25.43 25.43 25.43 25.43 25.43 25.43 25.43 25.43 25.43 25.43 25.43 25.43 25.43 25.43 25.43 25.43 25.43
 0.00 3.33 5.79 8.55 10.96 12.89 14.58 16.02 17.28 18.52 19.66 20.86 21.76 22.42 23.00 23.56 24.23 24.80 25.21 25.42 25.55 25.65 25.71 25.71 25.71 25.71 25.71 25.71 25.71 25.71 25.71 25.71 25.71 25.71 25.71 25.71 25.71 25.71 25.71 25.71
 0.00 3.31 5.78 8.57 10.96 12.91 14.61 16.04 17.34 18.60 19.80 21.01 21.95 22.60 23.20 23.76 24.45 25.04 25.47 25.68 25.82 25.94 26.00 26.00 26.00 26.00 26.00 26.00 26.00 26.00 26.00 26.00 26.00 26.00 26.00 26.00 26.00 26.00 26.00 26.00
 0.00 3.28 5.77 8.58 10.96 12.93 14.63 16.05 17.39 18.69 19.93 21.15 22.11 22.78 23.40 23.97 24.67 25.27 25.70 25.93 26.08 26.21 26.29 26.29 26.29 26.29 26.29 26.29 26.29 26.29 26.29 26.29 26.29 26.29 26.29 26.29 26.29 26.29 26.29 26.29
 0.00 3.25 5.75 8.59 10.96 12.94 14.64 16.05 17.43 18.77 20.06 21.29 22.27 22.96 23.60 24.18 24.89 25.50 25.93 26.16 26.33 26.48 26.57 26.57 26.57 26.57 26.57 26.57 26.57 26.57 26.57 26.57 26.57 26.57 26.57 26.57 26.57 26.57 26.57 26.57
 0.00 3.22 5.73 8.59 10.95 12.94 14.63 16.04 17.45 18.85 20.19 21.41 22.41 23.13 23.80 24.39 25.10 25.72 26.14 26.38 26.57 26.75 26.86 26.86 26.86 26.86 26.86 26.86 26.86 26.86 26.86 26.86 26.86 26.86 26.86 26.86 26.86 26.86 26.86 26.86
 0.00 3.19 5.70 8.58 10.92 12.93 14.60 16.02 17.47 18.93 20.31 21.53 22.54 23.29 23.99 24.60 25.32 25.93 26.34 26.60 26.81 27.01 27.13 27.13 27.13 27.13 27.13 27.13 27.13 27.13 27.13 27.13 27.13 27.13 27.13 27.13 27.13 27.13 27.13 27.13
 0.00 3.15 5.67 8.56 10.87 12.90 14.55 16.01 17.48 19.00 20.41 21.64 22.66 23.44 24.18 24.81 25.53 26.14 26.54 26.81 27.05 27.27 27.40 27.40 27.40 27.40 27.40 27.40 27.40 27.40 27.40 27.40 27.40 27.40 27.40 27.40 27.40 27.40 27.40 27.40
 0.00 3.11 5.63 8.53 10.81 12.84 14.47 15.99 17.49 19.06 20.50 21.75 22.77 23.58 24.34 25.01 25.73 26.35 26.74 27.03 27.28 27.52 27.66 27.66 27.66 27.66 27.66 27.66 27.66 27.66 27.66 27.66 27.66 27.66 27.66 27.66 27.66 27.66 27.66 27.66
 0.00 3.07 5.59 8.49 10.73 12.78 14.38 15.97 17.50 19.11 20.58 21.84 22.87 23.70 24.50 25.20 25.94 26.55 26.95 27.26 27.52 27.77 27.90 27.90 27.90 27.90 27.90 27.90 27.90 27.90 27.90 27.90 27.90 27.90 27.90 27.90 27.90 27.90 27.90 27.90
 0.00 3.03 5.54 8.45 10.64 12.71 14.28 15.94 17.50 19.15 20.65 21.93 22.97 23.81 24.65 25.38 26.13 26.76 27.16 27.49 27.76 28.01 28.15 28.15 28.15 28.15 28.15 28.15 28.15 28.15 28.15 28.15 28.15 28.15 28.15 28.15 28.15 28.15 28.15 28.15
 0.00 2.99 5.48 8.41 10.55 12.63 14.17 15.90 17.51 19.18 20.72 22.01 23.06 23.91 24.79 25.56 26.32 26.97 27.37 27.72 28.01 28.26 28.39 28.39 28.39 28.39 28.39 28.39 28.39 28.39 28.39 28.39 28.39 28.39 28.39 28.39 28.39 28.39 28.39 28.39
 0.00 2.95 5.42 8.36 10.48 12.56 14.07 15.84 17.52 19.20 20.78 22.07 23.13 24.01 24.92 25.72 26.51 27.19 27.59 27.96 28.25 28.50 28.64 28.64 28.64 28.64 28.64 28.64 28.64 28.64 28.64 28.64 28.64 28.64 28.64 28.64 28.64 28.64 28.64 28.64
 0.00 2.90 5.35 8.32 10.42 12.49 13.97 15.75 17.53 19.21 20.83 22.13 23.20 24.10 25.04 25.87 26.69 27.41 27.82 28.20 28.50 28.75 28.90 28.90 28.90 28.90 28.90 28.90 28.90 28.90 28.90 28.90 28.90 28.90 28.90 28.90 28.90 28.90 28.90 28.90
 0.00 2.85 5.28 8.27 10.37 12.44 13.89 15.64 17.52 19.22 20.87 22.18 23.26 24.19 25.15 26.01 26.86 27.64 28.06 28.44 28.75 28.99 29.16 29.16 29.16 29.16 29.16 29.16 29.16 29.16 29.16 29.16 29.16 29.16 29.16 29.16 29.16 29.16 29.16 29.16
 0.00 2.81 5.20 8.23 10.33 12.39 13.82 15.53 17.51 19.21 20.91 22.21 23.30 24.26 25.26 26.13 27.02 27.87 28.29 28.67 28.99 29.23 29.42 29.42 29.42 29.42 29.42 29.42 29.42 29.42 29.42 29.42 29.42 29.42 29.42 29.42 29.42 29.42 29.42 29.42
 0.00 2.76 5.12 8.18 10.30 12.35 13.75 15.41 17.48 19.20 20.93 22.24 23.34 24.33 25.35 26.25 27.18 28.08 28.52 28.90 29.23 29.47 29.67 29.67 29.67 29.67 29.67 29.67 29.67 29.67 29.67 29.67 29.67 29.67 29.67 29.67 29.67 29.67 29.67 29.67
 0.00 2.71 5.04 8.13 10.26 12.31 13.69 15.30 17.43 19.17 20.94 22.25 23.36 24.39 25.42 26.37 27.33 28.28 28.74 29.13 29.45 29.70 29.92 29.92 29.92 29.92 29.92 29.92 29.92 29.92 29.92 29.92 29.92 29.92 29.92 29.92 29.92 29.92 29.92 29.92
 0.00 2.66 4.96 8.07 10.22 12.27 13.63 15.20 17.35 19.14 20.92 22.24 23.37 24.43 25.48 26.48 27.46 28.46 28.95 29.34 29.66 29.91 30.15 30.15 30.15 30.15 30.15 30.15 30.15 30.15 30.15 30.15 30.15 30.15 30.15 30.15 30.15 30.15 30.15 30.15
 0.00 2.61 4.87 8.00 10.17 12.22 13.57 15.12 17.25 19.10 20.89 22.23 23.37 24.45 25.52 26.58 27.59 28.61 29.13 29.53 29.86 30.12 30.36 30.36 30.36 30.36 30.36 30.36 30.36 30.36 30.36 30.36 30.36 30.36 30.36 30.36 30.36 30.36 30.36 30.36
 0.00 2.56 4.79 7.93 10.11 12.17 13.51 15.05 17.13 19.04 20.84 22.19 23.36 24.46 25.55 26.66 27.70 28.73 29.30 29.70 30.03 30.30 30.55 30.55 30.55 30.55 30.55 30.55 30.55 30.55 30.55 30.55 30.55 30.55 30.55 30.55 30.55 30.55 30.55 30.55
 0.00 2.51 4.70 7.85 10.04 12.11 13.44 14.98 17.02 18.98 20.78 22.15 23.33 24.46 25.55 26.73 27.79 28.82 29.43 29.85 30.17 30.46 30.70 30.70 30.70 30.70 30.70 30.70 30.70 30.70 30.70 30.70 30.70 30.70 30.70 30.70 30.70 30.70 30.70 30.70
 0.00 2.46 4.61 7.78 9.97 12.04 13.36 14.92 16.91 18.90 20.69 22.09 23.29 24.44 25.54 26.78 27.85 28.89 29.53 29.96 30.29 30.58 30.83 30.83 30.83 30.83 30.83 30.83 30.83 30.83 30.83 30.83 30.83 30.83 30.83 30.83 30.83 30.83 30.83 30.83
 0.00 2.40 4.53 7.70 9.88 11.97 13.27 14.85 16.81 18.80 20.59 22.01 23.23 24.40 25.52 26.81 27.89 28.92 29.60 30.04 30.37 30.68 30.92 30.92 30.92 30.92 30.92 30.92 30.92 30.92 30.92 30.92 30.92 30.92 30.92 30.92 30.92 30.92 30.92 30.92
 0.00 2.34 4.44 7.61 9.78 11.88 13.16 14.78 16.72 18.69 20.48 21.93 23.16 24.35 25.47 26.80 27.90 28.94 29.63 30.08 30.41 30.74 30.97 30.97 30.97 30.97 30.97 30.97 30.97 30.97 30.97 30.97 30.97 30.97 30.97 30.97 30.97 30.97 30.97 30.97
 0.00 2.28 4.35 7.53 9.67 11.78 13.04 14.70 16.63 18.57 20.36 21.83 23.08 24.28 25.42 26.78 27.89 28.93 29.64 30.10 30.43 30.77 30.99 30.99 30.99 30.99 30.99 30.99 30.99 30.99 30.99 30.99 30.99 30.99 30.99 30.99 30.99 30.99 30.99 30.99
 0.00 2.22 4.27 7.44 9.56 11.66 12.92 14.60 16.53 18.45 20.23 21.72 22.99 24.19 25.35 26.74 27.86 28.90 29.63 30.09 30.42 30.77 30.98 30.98 30.98 30.98 30.98 30.98 30.98 30.98 30.98 30.98 30.98 30.98 30.98 30.98 30.98 30.98 30.98 30.98
 0.00 2.16 4.18 7.34 9.44 11.54 12.79 14.48 16.41 18.32 20.10 21.61 22.89 24.09 25.26 26.67 27.81 28.87 29.60 30.06 30.39 30.73 30.94 30.94 30.94 30.94 30.94 30.94 30.94 30.94 30.94 30.94 30.94 30.94 30.94 30.94 30.94 30.94 30.94 30.94
 0.00 2.11 4.10 7.25 9.31 11.39 12.66 14.34 16.27 18.19 19.97 21.49 22.78 23.97 25.17 26.58 27.74 28.82 29.55 30.01 30.34 30.65 30.87 30.87 30.87 30.87 30.87 30.87 30.87 30.87 30.87 30.87 30.87 30.87 30.87 30.87 30.87 30.87 30.87 30.87
 0.00 2.06 4.01 7.14 9.18 11.24 12.54 14.18 16.12 18.07 19.84 21.36 22.65 23.84 25.06 26.48 27.66 28.77 29.50 29.94 30.27 30.55 30.76 30.76 30.76 30.76 30.76 30.76 30.76 30.76 30.76 30.76 30.76 30.76 30.76 30.76 30.76 30.76 30.76 30.76
 0.00 2.01 3.93 7.04 9.05 11.08 12.41 14.00 15.95 17.94 19.70 21.23 22.52 23.69 24.95 26.37 27.56 28.69 29.41 29.84 30.16 30.41 30.63 30.63 30.63 30.63 30.63 30.63 30.63 30.63 30.63 30.63 30.63 30.63 30.63 30.63 30.63 30.63 30.63 30.63
 0.00 1.96 3.85 6.93 8.92 10.92 12.28 13.82 15.77 17.80 19.57 21.09 22.38 23.54 24.82 26.23 27.44 28.59 29.30 29.71 30.03 30.24 30.46 30.46 30.46 30.46 30.46 30.46 30.46 30.46 30.46 30.46 30.46 30.46 30.46 30.46 30.46 30.46 30.46 30.46
 0.00 1.91 3.77 6.83 8.78 10.76 12.14 13.64 15.59 17.66 19.43 20.94 22.23 23.39 24.68 26.09 27.30 28.46 29.16 29.55 29.86 30.04 30.25 30.25 30.25 30.25 30.25 30.25 30.25 30.25 30.25 30.25 30.25 30.25 30.25 30.25 30.25 30.25 30.25 30.25
 0.00 1.87 3.69 6.72 8.65 10.61 12.00 13.47 15.42 17.50 19.29 20.79 22.08 23.24 24.52 25.94 27.14 28.29 28.97 29.35 29.64 29.81 30.01 30.01 30.01 30.01 30.01 30.01 30.01 30.01 30.01 30.01 30.01 30.01 30.01 30.01 30.01 30.01 30.01 30.01
 0.00 1.82 3.62 6.62 8.51 10.47 11.85 13.30 15.25 17.34 19.15 20.63 21.91 23.09 24.36 25.78 26.97 28.08 28.75 29.12 29.39 29.56 29.74 29.74 29.74 29.74 29.74 29.74 29.74 29.74 29.74 29.74 29.74 29.74 29.74 29.74 29.74 29.74 29.74 29.74
 0.00 1.78 3.55 6.51 8.37 10.33 11.69 13.14 15.08 17.17 19.00 20.46 21.74 22.94 24.19 25.62 26.79 27.85 28.51 28.86 29.12 29.30 29.45 29.45 29.45 29.45 29.45 29.45 29.45 29.45 29.45 29.45 29.45 29.45 29.45 29.45 29.45 29.45 29.45 29.45
 0.00 1.74 3.48 6.40 8.24 10.19 11.54 12.99 14.91 17.00 18.84 20.30 21.56 22.79 24.03 25.44 26.59 27.61 28.25 28.59 28.83 29.02 29.15 29.15 29.15 29.15 29.15 29.15 29.15 29.15 29.15 29.15 29.15 29.15 29.15 29.15 29.15 29.15 29.15 29.15
 0.00 1.70 3.42 6.30 8.10 10.05 11.38 12.84 14.74 16.82 18.67 20.13 21.39 22.63 23.86 25.26 26.39 27.36 27.99 28.32 28.54 28.73 28.85 28.85 28.85 28.85 28.85 28.85 28.85 28.85 28.85 28.85 28.85 28.85 28.85 28.85 28.85 28.85 28.85 28.85
 0.00 1.66 3.35 6.20 7.97 9.90 11.22 12.69 14.57 16.64 18.50 19.97 21.21 22.47 23.71 25.07 26.18 27.11 27.73 28.05 28.25 28.44 28.55 28.55 28.55 28.55 28.55 28.55 28.55 28.55 28.55 28.55 28.55 28.55 28.55 28.55 28.55 28.55 28.55 28.55
 0.00 1.62 3.28 6.10 7.84 9.75 11.06 12.54 14.39 16.46 18.31 19.80 21.03 22.30 23.55 24.88 25.97 26.86 27.47 27.77 27.96 28.15 28.25 28.25 28.25 28.25 28.25 28.25 28.25 28.25 28.25 28.25 28.25 28.25 28.25 28.25 28.25 28.25 28.25 28.25
 0.00 1.59 3.21 5.99 7.71 9.59 10.90 12.40 14.21 16.28 18.12 19.64 20.85 22.12 23.40 24.68 25.75 26.61 27.20 27.50 27.67 27.85 27.95 27.95 27.95 27.95 27.95 27.95 27.95 27.95 27.95 27.95 27.95 27.95 27.95 27.95 27.95 27.95 27.95 27.95
 0.00 1.55 3.14 5.90 7.58 9.44 10.75 12.25 14.03 16.10 17.93 19.46 20.67 21.94 23.24 24.48 25.53 26.36 26.94 27.21 27.38 27.55 27.65 27.65 27.65 27.65 27.65 27.65 27.65 27.65 27.65 27.65 27.65 27.65 27.65 27.65 27.65 27.65 27.65 27.65
 0.00 1.52 3.07 5.80 7.45 9.29 10.59 12.09 13.85 15.92 17.73 19.28 20.48 21.76 23.07 24.29 25.30 26.12 26.67 26.92 27.08 27.23 27.33 27.33 27.33 27.33 27.33 27.33 27.33 27.33 27.33 27.33 27.33 27.33 27.33 27.33 27.33 27.33 27.33 27.33
 0.00 1.48 3.00 5.70 7.32 9.13 10.44 11.93 13.67 15.73 17.54 19.09 20.29 21.57 22.89 24.09 25.07 25.89 26.39 26.62 26.77 26.91 27.00 27.00 27.00 27.00 27.00 27.00 27.00 27.00 27.00 27.00 27.00 27.00 27.00 27.00 27.00 27.00 27.00 27.00
 0.00 1.44 2.93 5.61 7.18 8.98 10.29 11.77 13.48 15.55 17.35 18.89 20.09 21.37 22.70 23.89 24.84 25.65 26.10 26.32 26.46 26.59 26.67 26.67 26.67 26.67 26.67 26.67 26.67 26.67 26.67 26.67 26.67 26.67 26.67 26.67 26.67 26.67 26.67 26.67
 0.00 1.41 2.87 5.51 7.05 8.82 10.14 11.60 13.30 15.36 17.16 18.68 19.89 21.17 22.51 23.70 24.60 25.42 25.81 26.01 26.15 26.27 26.33 26.33 26.33 26.33 26.33 26.33 26.33 26.33 26.33 26.33 26.33 26.33 26.33 26.33 26.33 26.33 26.33 26.33
 0.00 1.37 2.80 5.41 6.91 8.66 9.99 11.43 13.11 15.17 16.96 18.46 19.69 20.98 22.31 23.49 24.36 25.18 25.53 25.70 25.84 25.95 26.01 26.01 26.01 26.01 26.01 26.01 26.01 26.01 26.01 26.01 26.01 26.01 26.01 26.01 26.01 26.01 26.01 26.01
 0.00 1.34 2.74 5.30 6.77 8.49 9.84 11.27 12.92 14.97 16.76 18.25 19.48 20.78 22.10 23.28 24.11 24.94 25.24 25.39 25.53 25.64 25.70 25.70 25.70 25.70 25.70 25.70 25.70 25.70 25.70 25.70 25.70 25.70 25.70 25.70 25.70 25.70 25.70 25.70
 0.00 1.31 2.67 5.19 6.63 8.31 9.68 11.10 12.72 14.77 16.54 18.03 19.26 20.59 21.89 23.05 23.86 24.68 24.96 25.09 25.23 25.35 25.41 25.41 25.41 25.41 25.41 25.41 25.41 25.41 25.41 25.41 25.41 25.41 25.41 25.41 25.41 25.41 25.41 25.41
 0.00 1.28 2.61 5.07 6.49 8.13 9.52 10.94 12.52 14.56 16.32 17.81 19.04 20.40 21.68 22.82 23.61 24.42 24.68 24.80 24.94 25.07 25.14 25.14 25.14 25.14 25.14 25.14 25.14 25.14 25.14 25.14 25.14 25.14 25.14 25.14 25.14 25.14 25.14 25.14
 0.00 1.25 2.55 4.95 6.35 7.94 9.37 10.77 12.32 14.34 16.09 17.58 18.82 20.20 21.46 22.57 23.35 24.14 24.40 24.51 24.66 24.79 24.87 24.87 24.87 24.87 24.87 24.87 24.87 24.87 24.87 24.87 24.87 24.87 24.87 24.87 24.87 24.87 24.87 24.87
 0.00 1.23 2.50 4.82 6.22 7.75 9.21 10.60 12.11 14.12 15.86 17.36 18.60 20.00 21.23 22.30 23.08 23.86 24.12 24.22 24.37 24.51 24.60 24.60 24.60 24.60 24.60 24.60 24.60 24.60 24.60 24.60 24.60 24.60 24.60 24.60 24.60 24.60 24.60 24.60
 0.00 1.21 2.44 4.69 6.09 7.58 9.06 10.42 11.91 13.89 15.62 17.13 18.37 19.78 20.99 22.03 22.81 23.56 23.83 23.92 24.07 24.22 24.31 24.31 24.31 24.31 24.31 24.31 24.31 24.31 24.31 24.31 24.31 24.31 24.31 24.31 24.31 24.31 24.31 24.31
 0.00 1.18 2.38 4.55 5.97 7.41 8.91 10.23 11.71 13.65 15.38 16.89 18.13 19.55 20.74 21.74 22.53 23.25 23.53 23.62 23.77 23.91 24.00 24.00 24.00 24.00 24.00 24.00 24.00 24.00 24.00 24.00 24.00 24.00 24.00 24.00 24.00 24.00 24.00 24.00
 0.00 1.16 2.32 4.41 5.85 7.26 8.76 10.04 11.51 13.40 15.14 16.65 17.90 19.30 20.47 21.44 22.24 22.93 23.21 23.30 23.44 23.58 23.67 23.67 23.67 23.67 23.67 23.67 23.67 23.67 23.67 23.67 23.67 23.67 23.67 23.67 23.67 23.67 23.67 23.67
 0.00 1.14 2.26 4.27 5.73 7.11 8.61 9.84 11.31 13.15 14.89 16.39 17.65 19.04 20.18 21.13 21.93 22.58 22.86 22.96 23.10 23.23 23.30 23.30 23.30 23.30 23.30 23.30 23.30 23.30 23.30 23.30 23.30 23.30 23.30 23.30 23.30 23.30 23.30 23.30
 0.00 1.12 2.21 4.14 5.62 6.97 8.47 9.65 11.11 12.90 14.62 16.12 17.41 18.76 19.87 20.79 21.60 22.20 22.49 22.59 22.72 22.84 22.90 22.90 22.90 22.90 22.90 22.90 22.90 22.90 22.90 22.90 22.90 22.90 22.90 22.90 22.90 22.90 22.90 22.90
 0.00 1.10 2.16 4.01 5.51 6.84 8.32 9.46 10.90 12.64 14.35 15.83 17.15 18.47 19.54 20.44 21.23 21.78 22.07 22.18 22.30 22.41 22.47 22.47 22.47 22.47 22.47 22.47 22.47 22.47 22.47 22.47 22.47 22.47 22.47 22.47 22.47 22.47 22.47 22.47
 0.00 1.07 2.11 3.90 5.40 6.70 8.18 9.29 10.68 12.37 14.06 15.52 16.89 18.17 19.19 20.07 20.82 21.33 21.61 21.71 21.84 21.94 22.00 22.00 22.00 22.00 22.00 22.00 22.00 22.00 22.00 22.00 22.00 22.00 22.00 22.00 22.00 22.00 22.00 22.00
 0.00 1.05 2.07 3.79 5.29 6.57 8.03 9.13 10.45 12.10 13.75 15.20 16.62 17.85 18.82 19.68 20.39 20.86 21.13 21.22 21.35 21.45 21.50 21.50 21.50 21.50 21.50 21.50 21.50 21.50 21.50 21.50 21.50 21.50 21.50 21.50 21.50 21.50 21.50 21.50
 0.00 1.03 2.03 3.69 5.17 6.45 7.89 8.97 10.23 11.84 13.44 14.85 16.32 17.52 18.44 19.29 19.95 20.38 20.64 20.72 20.84 20.94 20.99 20.99 20.99 20.99 20.99 20.99 20.99 20.99 20.99 20.99 20.99 20.99 20.99 20.99 20.99 20.99 20.99 20.99
 0.00 1.01 1.99 3.59 5.07 6.33 7.75 8.82 10.01 11.57 13.12 14.50 16.00 17.18 18.06 18.90 19.52 19.91 20.15 20.23 20.35 20.44 20.49 20.49 20.49 20.49 20.49 20.49 20.49 20.49 20.49 20.49 20.49 20.49 20.49 20.49 20.49 20.49 20.49 20.49
 0.00 0.99 1.95 3.51 4.96 6.21 7.62 8.67 9.79 11.31 12.80 14.14 15.65 16.82 17.69 18.52 19.11 19.48 19.70 19.77 19.87 19.96 20.00 20.00 20.00 20.00 20.00 20.00 20.00 20.00 20.00 20.00 20.00 20.00 20.00 20.00 20.00 20.00 20.00 20.00
 0.00 0.97 1.91 3.43 4.85 6.10 7.49 8.53 9.58 11.05 12.48 13.77 15.26 16.44 17.33 18.15 18.72 19.07 19.28 19.35 19.44 19.51 19.54 19.54 19.54 19.54 19.54 19.54 19.54 19.54 19.54 19.54 19.54 19.54 19.54 19.54 19.54 19.54 19.54 19.54
 0.00 0.95 1.88 3.35 4.75 5.99 7.36 8.38 9.38 10.80 12.16 13.40 14.84 16.04 16.97 17.78 18.34 18.69 18.88 18.95 19.02 19.07 19.09 19.09 19.09 19.09 19.09 19.09 19.09 19.09 19.09 19.09 19.09 19.09 19.09 19.09 19.09 19.09 19.09 19.09
 0.00 0.93 1.84 3.29 4.66 5.89 7.24 8.24 9.19 10.56 11.86 13.03 14.40 15.62 16.59 17.38 17.94 18.28 18.46 18.53 18.58 18.62 18.64 18.64 18.64 18.64 18.64 18.64 18.64 18.64 18.64 18.64 18.64 18.64 18.64 18.64 18.64 18.64 18.64 18.64
 0.00 0.92 1.81 3.23 4.57 5.80 7.12 8.10 9.02 10.33 11.55 12.67 13.96 15.17 16.16 16.92 17.48 17.82 17.98 18.06 18.10 18.13 18.15 18.15 18.15 18.15 18.15 18.15 18.15 18.15 18.15 18.15 18.15 18.15 18.15 18.15 18.15 18.15 18.15 18.15
 0.00 0.90 1.78 3.17 4.48 5.70 7.00 7.96 8.86 10.11 11.26 12.32 13.53 14.69 15.68 16.38 16.93 17.28 17.43 17.51 17.55 17.58 17.60 17.60 17.60 17.60 17.60 17.60 17.60 17.60 17.60 17.60 17.60 17.60 17.60 17.60 17.60 17.60 17.60 17.60
 0.00 0.89 1.76 3.12 4.41 5.62 6.89 7.83 8.71 9.90 10.98 11.98 13.11 14.19 15.12 15.74 16.28 16.62 16.78 16.86 16.90 16.95 16.99 16.99 16.99 16.99 16.99 16.99 16.99 16.99 16.99 16.99 16.99 16.99 16.99 16.99 16.99 16.99 16.99 16.99
 0.00 0.87 1.73 3.08 4.33 5.54 6.79 7.71 8.58 9.71 10.71 11.65 12.70 13.66 14.52 15.04 15.56 15.90 16.06 16.14 16.20 16.27 16.33 16.33 16.33 16.33 16.33 16.33 16.33 16.33 16.33 16.33 16.33 16.33 16.33 16.33 16.33 16.33 16.33 16.33
 0.00 0.86 1.71 3.04 4.27 5.46 6.69 7.60 8.47 9.54 10.45 11.34 12.32 13.15 13.91 14.33 14.81 15.15 15.31 15.40 15.48 15.58 15.65 15.65 15.65 15.65 15.65 15.65 15.65 15.65 15.65 15.65 15.65 15.65 15.65 15.65 15.65 15.65 15.65 15.65
 0.00 0.85 1.69 3.00 4.21 5.40 6.61 7.51 8.36 9.37 10.21 11.04 11.96 12.66 13.32 13.64 14.09 14.41 14.58 14.68 14.77 14.90 14.99 14.99 14.99 14.99 14.99 14.99 14.99 14.99 14.99 14.99 14.99 14.99 14.99 14.99 14.99 14.99 14.99 14.99
 0.00 0.85 1.68 2.98 4.17 5.35 6.53 7.43 8.27 9.23 10.00 10.78 11.62 12.21 12.78 13.02 13.44 13.75 13.92 14.03 14.13 14.28 14.38 14.38 14.38 14.38 14.38 14.38 14.38 14.38 14.38 14.38 14.38 14.38 14.38 14.38 14.38 14.38 14.38 14.38
 0.00 0.84 1.66 2.96 4.13 5.31 6.47 7.36 8.20 9.09 9.81 10.53 11.31 11.82 12.32 12.52 12.89 13.18 13.36 13.47 13.59 13.73 13.84 13.84 13.84 13.84 13.84 13.84 13.84 13.84 13.84 13.84 13.84 13.84 13.84 13.84 13.84 13.84 13.84 13.84
 0.00 0.84 1.66 2.94 4.09 5.28 6.43 7.31 8.13 8.97 9.63 10.31 11.02 11.48 11.93 12.11 12.43 12.70 12.89 13.01 13.12 13.26 13.36 13.36 13.36 13.36 13.36 13.36 13.36 13.36 13.36 13.36 13.36 13.36 13.36 13.36 13.36 13.36 13.36 13.36
 0.00 0.83 1.65 2.93 4.07 5.25 6.39 7.27 8.07 8.85 9.48 10.10 10.74 11.18 11.58 11.77 12.05 12.29 12.48 12.61 12.72 12.84 12.92 12.92 12.92 12.92 12.92 12.92 12.92 12.92 12.92 12.92 12.92 12.92 12.92 12.92 12.92 12.92 12.92 12.92
 0.00 0.83 1.65 2.92 4.04 5.23 6.36 7.24 8.02 8.74 9.33 9.90 10.47 10.91 11.27 11.48 11.71 11.93 12.11 12.26 12.36 12.46 12.52 12.52 12.52 12.52 12.52 12.52 12.52 12.52 12.52 12.52 12.52 12.52 12.52 12.52 12.52 12.52 12.52 12.52
 0.00 0.83 1.65 2.92 4.02 5.22 6.33 7.21 7.97 8.63 9.18 9.71 10.21 10.65 10.98 11.21 11.39 11.59 11.77 11.93 12.03 12.10 12.13 12.13 12.13 12.13 12.13 12.13 12.13 12.13 12.13 12.13 12.13 12.13 12.13 12.13 12.13 12.13 12.13 12.13
